lattice,Lx,Ly,p,bc_x,bc_y,bc_MPS,runtime_s,betas,max_chi,log_z
Square,3,3,0.5,open,open,finite,2.0336163000010856,"[0.0, 0.1, 0.2, 0.30000000000000004, 0.4, 0.5]","[11, 16, 16, 16, 16]","[6.238324625039508, 6.298028210517555, 6.477675675019834, 6.779219568850169, 7.202897202627635, 7.743748831333036]"
Square,3,3,0.5,periodic,periodic,finite,2.189236100000926,"[0.0, 0.1, 0.2, 0.30000000000000004, 0.4, 0.5]","[15, 16, 16, 16, 16]","[6.238324625039508, 6.328706389402876, 6.605384279245399, 7.076156974344609, 7.742361504547514, 8.591492244145723]"
Triangular,3,3,0.5,periodic,periodic,finite,2.1916054999983317,"[0.0, 0.1, 0.2, 0.30000000000000004, 0.4, 0.5]","[14, 16, 16, 16, 16]","[6.238324625039508, 6.368084056118257, 6.73877828546171, 7.3186717105270755, 8.066157591809802, 8.93511807833673]"
Square,3,3,0.5,open,open,finite,1.9357183000010991,"[0.0, 0.1, 0.2, 0.30000000000000004, 0.4, 0.5]","[11, 16, 16, 16, 16]","[6.238324625039508, 6.297558636974823, 6.469505302884291, 6.74053112904713, 7.0940355115024625, 7.514716351921]"
Square,3,3,0.5,periodic,periodic,finite,2.1745253000008233,"[0.0, 0.1, 0.2, 0.30000000000000004, 0.4, 0.5]","[15, 16, 16, 16, 16]","[6.238324625039508, 6.32912527643705, 6.6134691288762815, 7.117735158731708, 7.861180638843097, 8.82600722071481]"
Triangular,3,3,0.5,periodic,periodic,finite,2.281037299999298,"[0.0, 0.1, 0.2, 0.30000000000000004, 0.4, 0.5]","[15, 16, 16, 16, 16]","[6.238324625039508, 6.3740112320914495, 6.790705614062322, 7.493439526263186, 8.465339049252695, 9.666343250903013]"
Square,3,3,0.5,open,open,finite,2.0222858999986784,"[0.0, 0.1, 0.2, 0.30000000000000004, 0.4, 0.5]","[11, 16, 16, 16, 16]","[6.238324625039508, 6.297714055436506, 6.472120076777086, 6.752296662892071, 7.125266230553064, 7.576764632445718]"
Square,3,3,0.5,periodic,periodic,finite,2.1881826000008004,"[0.0, 0.1, 0.2, 0.30000000000000004, 0.4, 0.5]","[15, 16, 16, 16, 16]","[6.238324625039508, 6.325454234176064, 6.576862748873549, 6.977641430253662, 7.509698812046474, 8.153098874246732]"
Triangular,3,3,0.5,periodic,periodic,finite,2.278442599999835,"[0.0, 0.1, 0.2, 0.30000000000000004, 0.4, 0.5]","[15, 16, 16, 16, 16]","[6.238324625039508, 6.370360469659601, 6.756216519857625, 7.372912284216127, 8.188449214032438, 9.16321474530787]"
Square,4,4,0.5,open,open,finite,8.943764099998589,"[0.0, 0.1, 0.2, 0.30000000000000004, 0.4, 0.5]","[21, 60, 66, 71, 73]","[11.090354888959125, 11.209318952246786, 11.565688464553887, 12.160281661668678, 12.990540022555518, 14.045647711208016]"
Square,4,4,0.5,periodic,periodic,finite,18.43440009999904,"[0.0, 0.1, 0.2, 0.30000000000000004, 0.4, 0.5]","[61, 100, 100, 100, 100]","[11.090354888959125, 11.239997903463003, 11.690172243252418, 12.42100066270288, 13.400892423196389, 14.595558873832227]"
Triangular,4,4,0.5,periodic,periodic,finite,19.338137500000812,"[0.0, 0.1, 0.2, 0.30000000000000004, 0.4, 0.5]","[49, 100, 100, 100, 100]","[11.090354888959125, 11.30497255520531, 11.918727700357577, 12.86510774943785, 14.07057801128237, 15.47205272096307]"
Square,4,4,0.5,open,open,finite,8.657031200000347,"[0.0, 0.1, 0.2, 0.30000000000000004, 0.4, 0.5]","[21, 60, 66, 70, 74]","[11.090354888959125, 11.209316080415874, 11.565473459943819, 12.157953442477046, 12.97899283287876, 14.009344833692072]"
Square,4,4,0.5,periodic,periodic,finite,18.92094890000044,"[0.0, 0.1, 0.2, 0.30000000000000004, 0.4, 0.5]","[62, 100, 100, 100, 100]","[11.090354888959125, 11.24032200839485, 11.69856777993123, 12.460619708278193, 13.504872425846399, 14.793276485362293]"
Triangular,4,4,0.5,periodic,periodic,finite,19.211139300001378,"[0.0, 0.1, 0.2, 0.30000000000000004, 0.4, 0.5]","[47, 100, 100, 100, 100]","[11.090354888959125, 11.318607133190646, 11.974215672415925, 13.011207993636269, 14.372435814564346, 16.005992823363087]"
Square,4,4,0.5,open,open,finite,8.836827999999514,"[0.0, 0.1, 0.2, 0.30000000000000004, 0.4, 0.5]","[21, 60, 66, 71, 73]","[11.090354888959125, 11.208852860617775, 11.55748590310422, 12.120499927909371, 12.875259640751464, 13.795915327039914]"
Square,4,4,0.5,periodic,periodic,finite,18.86689210000077,"[0.0, 0.1, 0.2, 0.30000000000000004, 0.4, 0.5]","[61, 100, 100, 100, 100]","[11.090354888959125, 11.240139930979522, 11.693317828328436, 12.438248395482502, 13.451806429121774, 14.700919990954919]"
Triangular,4,4,0.5,periodic,periodic,finite,19.773893900000985,"[0.0, 0.1, 0.2, 0.30000000000000004, 0.4, 0.5]","[49, 100, 100, 100, 100]","[11.090354888959125, 11.314429559912078, 12.015779886101846, 13.184638400793348, 14.747212511035992, 16.600377649862505]"
Square,5,5,0.5,open,open,finite,46.83613770000011,"[0.0, 0.1, 0.2, 0.30000000000000004, 0.4, 0.5]","[32, 100, 100, 100, 100]","[17.328679513998633, 17.52580942185909, 18.107913035072997, 19.05501907290543, 20.33530998614126, 21.90877651699544]"
Square,5,5,0.5,periodic,periodic,finite,315.0679402000005,"[0.0, 0.1, 0.2, 0.30000000000000004, 0.4, 0.5]","[77, 100, 100, 100, 100]","[17.328679513998633, 17.557992784470237, 18.247078780101273, 19.35527997312791, 20.821943323628858, 22.58196129341419]"
Triangular,5,5,0.5,periodic,periodic,finite,63.29122490000009,"[0.0, 0.1, 0.2, 0.30000000000000004, 0.4, 0.5]","[77, 100, 100, 100, 100]","[17.328679513998633, 17.657830799967954, 18.625938936718136, 20.148256732245102, 22.127351834943298, 24.483547081996804]"
Square,5,5,0.5,open,open,finite,31.382540999999037,"[0.0, 0.1, 0.2, 0.30000000000000004, 0.4, 0.5]","[32, 100, 100, 100, 100]","[17.328679513998633, 17.525810479697572, 18.108048214667534, 19.056562900907608, 20.342867992565147, 21.932504398641996]"
Square,5,5,0.5,periodic,periodic,finite,60.246314600000915,"[0.0, 0.1, 0.2, 0.30000000000000004, 0.4, 0.5]","[75, 100, 100, 100, 100]","[17.328679513998633, 17.558804970445195, 18.26257228429134, 19.42777631092546, 21.017609462426172, 22.976204694151612]"
Triangular,5,5,0.5,periodic,periodic,finite,70.62274989999787,"[0.0, 0.1, 0.2, 0.30000000000000004, 0.4, 0.5]","[77, 100, 100, 100, 100]","[17.328679513998633, 17.658207966417674, 18.640879060451386, 20.19575572897197, 22.221361904404954, 24.643412296415587]"
Square,5,5,0.5,open,open,finite,29.261549800001376,"[0.0, 0.1, 0.2, 0.30000000000000004, 0.4, 0.5]","[31, 100, 100, 100, 100]","[17.328679513998633, 17.52565791586538, 18.105296068056052, 19.042630156117653, 20.300877993636664, 21.83873689140186]"
Square,5,5,0.5,periodic,periodic,finite,46.904434299998684,"[0.0, 0.1, 0.2, 0.30000000000000004, 0.4, 0.5]","[77, 100, 100, 100, 100]","[17.328679513998633, 17.55273077119647, 18.247871256554475, 19.399895451600003, 20.96983177626481, 22.89867057107403]"
Triangular,5,5,0.5,periodic,periodic,finite,57.904954599998746,"[0.0, 0.1, 0.2, 0.30000000000000004, 0.4, 0.5]","[77, 100, 100, 100, 100]","[17.328679513998633, 17.674415750278285, 18.773866486459305, 20.625369819714155, 23.143503376274747, 26.19399867427518]"
Square,6,6,0.5,open,open,finite,56.24563180000041,"[0.0, 0.1, 0.2, 0.30000000000000004, 0.4, 0.5]","[45, 100, 100, 100, 100]","[24.95329850015803, 25.248417647293547, 26.122819146975143, 27.55693128919116, 29.515997628762953, 31.94882056890833]"
Square,6,6,0.5,periodic,periodic,finite,106.97599880000053,"[0.0, 0.1, 0.2, 0.30000000000000004, 0.4, 0.5]","[91, 100, 100, 100, 100]","[24.95329850015803, 25.260838054592224, 26.22769135602854, 27.816166602504516, 29.953125897892978, 32.56179479568178]"
Triangular,6,6,0.5,periodic,periodic,finite,1547.0439972999993,"[0.0, 0.1, 0.2, 0.30000000000000004, 0.4, 0.5]","[84, 100, 100, 100, 100]","[24.95329850015803, 25.41957374625632, 26.793950377130308, 28.951235773023637, 31.73653001419736, 35.01940161165638]"
Square,6,6,0.5,open,open,finite,52.514634600000136,"[0.0, 0.1, 0.2, 0.30000000000000004, 0.4, 0.5]","[45, 100, 100, 100, 100]","[24.95329850015803, 25.248426652500406, 26.123523480930466, 27.564294123445105, 29.551035568438564, 32.055347867971996]"
Square,6,6,0.5,periodic,periodic,finite,124.16348749999815,"[0.0, 0.1, 0.2, 0.30000000000000004, 0.4, 0.5]","[91, 100, 100, 100, 100]","[24.95329850015803, 25.25188030514795, 26.213621506854693, 27.812999069908518, 29.988302480000968, 32.67381110812443]"
Triangular,6,6,0.5,periodic,periodic,finite,167.81982250000146,"[0.0, 0.1, 0.2, 0.30000000000000004, 0.4, 0.5]","[84, 100, 100, 100, 100]","[24.95329850015803, 25.425817195950106, 26.83193358840541, 29.060290255759327, 31.975637336791337, 35.46150267334876]"
Square,6,6,0.5,open,open,finite,99.96600709999984,"[0.0, 0.1, 0.2, 0.30000000000000004, 0.4, 0.5]","[46, 100, 100, 100, 100]","[24.95329850015803, 25.244891425054522, 26.123087530537248, 27.592418257625546, 29.647957692979027, 32.265648262222335]"
Square,6,6,0.5,periodic,periodic,finite,197.15892349999922,"[0.0, 0.1, 0.2, 0.30000000000000004, 0.4, 0.5]","[91, 100, 100, 100, 100]","[24.95329850015803, 25.26042423597369, 26.23374810213445, 27.850859242668356, 30.052197629180153, 32.76425299688815]"
Triangular,6,6,0.5,periodic,periodic,finite,234.65136560000246,"[0.0, 0.1, 0.2, 0.30000000000000004, 0.4, 0.5]","[84, 100, 100, 100, 100]","[24.95329850015803, 25.441394316077265, 26.974033635755678, 29.541816610668587, 33.04873356073864, 37.340204291086124]"
Square,3,3,0.5,open,open,finite,2.4609192999996594,"[0.0, 0.1, 0.2, 0.30000000000000004, 0.4, 0.5, 0.6]","[11, 16, 16, 16, 16, 16]","[6.238324625039508, 6.297714055436506, 6.472120076777086, 6.752296662892071, 7.125266230553064, 7.576764632445718, 8.093114578012424]"
Square,3,3,0.5,open,open,finite,4.188275299999077,"[0.0, 0.1, 0.2, 0.30000000000000004, 0.4, 0.5, 0.6, 0.7, 0.7999999999999999, 0.8999999999999999, 0.9999999999999999, 1.0999999999999999]","[11, 16, 16, 16, 16, 16, 16, 16, 16, 16, 16]","[6.238324625039508, 6.297714055436506, 6.472120076777086, 6.752296662892071, 7.125266230553064, 7.576764632445718, 8.093114578012424, 8.662254106466648, 9.274070639374878, 9.920323464587216, 10.594388850178817, 11.290967049726973]"
Square,3,3,0.5,open,open,finite,5.976910099998349,"[0.0, 0.1, 0.2, 0.30000000000000004, 0.4, 0.5, 0.6, 0.7, 0.7999999999999999, 0.8999999999999999, 0.9999999999999999, 1.0999999999999999, 1.2, 1.3, 1.4000000000000001, 1.5000000000000002, 1.6000000000000003]","[11, 16, 16, 16, 16, 16, 16, 16, 16, 16, 16, 16, 16, 16, 16, 16]","[6.238324625039508, 6.297714055436506, 6.472120076777086, 6.752296662892071, 7.125266230553064, 7.576764632445718, 8.093114578012424, 8.662254106466648, 9.274070639374878, 9.920323464587216, 10.594388850178817, 11.290967049726973, 12.005815077115393, 12.735525466867077, 13.477351022841335, 14.22906841617694, 14.98887234767762]"
Square,3,3,0.5,open,open,finite,7.7701787000005424,"[0.0, 0.1, 0.2, 0.30000000000000004, 0.4, 0.5, 0.6, 0.7, 0.7999999999999999, 0.8999999999999999, 0.9999999999999999, 1.0999999999999999, 1.2, 1.3, 1.4000000000000001, 1.5000000000000002, 1.6000000000000003, 1.7000000000000004, 1.8000000000000005, 1.9000000000000006, 2.0000000000000004, 2.1000000000000005]","[11, 16, 16, 16, 16, 16, 16, 16, 16, 16, 16, 16, 16, 16, 16, 16, 16, 16, 16, 16, 16]","[6.238324625039508, 6.297714055436506, 6.472120076777086, 6.752296662892071, 7.125266230553064, 7.576764632445718, 8.093114578012424, 8.662254106466648, 9.274070639374878, 9.920323464587216, 10.594388850178817, 11.290967049726973, 12.005815077115393, 12.735525466867077, 13.477351022841335, 14.22906841617694, 14.98887234767762, 15.755293054360653, 16.527131504084043, 17.303408044393443, 18.083321385500795, 18.866215615650084]"
Square,3,3,0.5,open,open,finite,9.448818000000756,"[0.0, 0.1, 0.2, 0.30000000000000004, 0.4, 0.5, 0.6, 0.7, 0.7999999999999999, 0.8999999999999999, 0.9999999999999999, 1.0999999999999999, 1.2, 1.3, 1.4000000000000001, 1.5000000000000002, 1.6000000000000003, 1.7000000000000004, 1.8000000000000005, 1.9000000000000006, 2.0000000000000004, 2.1000000000000005, 2.2000000000000006, 2.3000000000000007, 2.400000000000001, 2.500000000000001, 2.600000000000001]","[11, 16, 16, 16, 16, 16, 16, 16, 16, 16, 16, 16, 16, 16, 16, 16, 16, 16, 16, 16, 16, 16, 16, 16, 16, 16]","[6.238324625039508, 6.297714055436506, 6.472120076777086, 6.752296662892071, 7.125266230553064, 7.576764632445718, 8.093114578012424, 8.662254106466648, 9.274070639374878, 9.920323464587216, 10.594388850178817, 11.290967049726973, 12.005815077115393, 12.735525466867077, 13.477351022841335, 14.22906841617694, 14.98887234767762, 15.755293054360653, 16.527131504084043, 17.303408044393443, 18.083321385500795, 18.866215615650084, 19.651553533129615, 20.43889499696244, 21.227879298687267, 22.018210777095828, 22.80964706124951]"
Square,3,3,0.5,open,open,finite,11.045099599999958,"[0.0, 0.1, 0.2, 0.30000000000000004, 0.4, 0.5, 0.6, 0.7, 0.7999999999999999, 0.8999999999999999, 0.9999999999999999, 1.0999999999999999, 1.2, 1.3, 1.4000000000000001, 1.5000000000000002, 1.6000000000000003, 1.7000000000000004, 1.8000000000000005, 1.9000000000000006, 2.0000000000000004, 2.1000000000000005, 2.2000000000000006, 2.3000000000000007, 2.400000000000001, 2.500000000000001, 2.600000000000001, 2.700000000000001, 2.800000000000001, 2.9000000000000012, 3.0000000000000013, 3.1000000000000014]","[11, 16, 16, 16, 16, 16, 16, 16, 16, 16, 16, 16, 16, 16, 16, 16, 16, 16, 16, 16, 16, 16, 16, 16, 16, 16, 16, 16, 16, 16, 16]","[6.238324625039508, 6.297714055436506, 6.472120076777086, 6.752296662892071, 7.125266230553064, 7.576764632445718, 8.093114578012424, 8.662254106466648, 9.274070639374878, 9.920323464587216, 10.594388850178817, 11.290967049726973, 12.005815077115393, 12.735525466867077, 13.477351022841335, 14.22906841617694, 14.98887234767762, 15.755293054360653, 16.527131504084043, 17.303408044393443, 18.083321385500795, 18.866215615650084, 19.651553533129615, 20.43889499696244, 21.227879298687267, 22.018210777095828, 22.80964706124951, 23.601989451256152, 24.395075042294717, 25.18877027274071, 25.982965637124316, 26.77757135266642]"
Square,3,3,0.5,open,open,finite,12.946749500002625,"[0.0, 0.1, 0.2, 0.30000000000000004, 0.4, 0.5, 0.6, 0.7, 0.7999999999999999, 0.8999999999999999, 0.9999999999999999, 1.0999999999999999, 1.2, 1.3, 1.4000000000000001, 1.5000000000000002, 1.6000000000000003, 1.7000000000000004, 1.8000000000000005, 1.9000000000000006, 2.0000000000000004, 2.1000000000000005, 2.2000000000000006, 2.3000000000000007, 2.400000000000001, 2.500000000000001, 2.600000000000001, 2.700000000000001, 2.800000000000001, 2.9000000000000012, 3.0000000000000013, 3.1000000000000014, 3.2000000000000015, 3.3000000000000016, 3.4000000000000017, 3.5000000000000018, 3.600000000000002]","[11, 16, 16, 16, 16, 16, 16, 16, 16, 16, 16, 16, 16, 16, 16, 16, 16, 16, 16, 16, 16, 16, 16, 16, 16, 16, 16, 16, 16, 16, 16, 16, 14, 14, 14, 14]","[6.238324625039508, 6.297714055436506, 6.472120076777086, 6.752296662892071, 7.125266230553064, 7.576764632445718, 8.093114578012424, 8.662254106466648, 9.274070639374878, 9.920323464587216, 10.594388850178817, 11.290967049726973, 12.005815077115393, 12.735525466867077, 13.477351022841335, 14.22906841617694, 14.98887234767762, 15.755293054360653, 16.527131504084043, 17.303408044393443, 18.083321385500795, 18.866215615650084, 19.651553533129615, 20.43889499696244, 21.227879298687267, 22.018210777095828, 22.80964706124951, 23.601989451256152, 24.395075042294717, 25.18877027274071, 25.982965637124316, 26.77757135266642, 27.572513806899483, 28.367732645327038, 29.163178383676506, 29.958810450191862, 30.754595580490367]"
Square,3,3,0.5,open,open,finite,15.366727399999945,"[0.0, 0.1, 0.2, 0.30000000000000004, 0.4, 0.5, 0.6, 0.7, 0.7999999999999999, 0.8999999999999999, 0.9999999999999999, 1.0999999999999999, 1.2, 1.3, 1.4000000000000001, 1.5000000000000002, 1.6000000000000003, 1.7000000000000004, 1.8000000000000005, 1.9000000000000006, 2.0000000000000004, 2.1000000000000005, 2.2000000000000006, 2.3000000000000007, 2.400000000000001, 2.500000000000001, 2.600000000000001, 2.700000000000001, 2.800000000000001, 2.9000000000000012, 3.0000000000000013, 3.1000000000000014, 3.2000000000000015, 3.3000000000000016, 3.4000000000000017, 3.5000000000000018, 3.600000000000002, 3.700000000000002, 3.800000000000002, 3.900000000000002, 4.000000000000002, 4.100000000000001]","[11, 16, 16, 16, 16, 16, 16, 16, 16, 16, 16, 16, 16, 16, 16, 16, 16, 16, 16, 16, 16, 16, 16, 16, 16, 16, 16, 16, 16, 16, 16, 16, 14, 14, 14, 14, 14, 14, 14, 14, 14]","[6.238324625039508, 6.297714055436506, 6.472120076777086, 6.752296662892071, 7.125266230553064, 7.576764632445718, 8.093114578012424, 8.662254106466648, 9.274070639374878, 9.920323464587216, 10.594388850178817, 11.290967049726973, 12.005815077115393, 12.735525466867077, 13.477351022841335, 14.22906841617694, 14.98887234767762, 15.755293054360653, 16.527131504084043, 17.303408044393443, 18.083321385500795, 18.866215615650084, 19.651553533129615, 20.43889499696244, 21.227879298687267, 22.018210777095828, 22.80964706124951, 23.601989451256152, 24.395075042294717, 25.18877027274071, 25.982965637124316, 26.77757135266642, 27.572513806899483, 28.367732645327038, 29.163178383676506, 29.958810450191862, 30.754595580490367, 31.55050650148246, 32.34652085229902, 33.14262029954758, 33.93878981190493, 34.73501706535458]"
Square,3,3,0.5,open,open,finite,17.03839109999899,"[0.0, 0.1, 0.2, 0.30000000000000004, 0.4, 0.5, 0.6, 0.7, 0.7999999999999999, 0.8999999999999999, 0.9999999999999999, 1.0999999999999999, 1.2, 1.3, 1.4000000000000001, 1.5000000000000002, 1.6000000000000003, 1.7000000000000004, 1.8000000000000005, 1.9000000000000006, 2.0000000000000004, 2.1000000000000005, 2.2000000000000006, 2.3000000000000007, 2.400000000000001, 2.500000000000001, 2.600000000000001, 2.700000000000001, 2.800000000000001, 2.9000000000000012, 3.0000000000000013, 3.1000000000000014, 3.2000000000000015, 3.3000000000000016, 3.4000000000000017, 3.5000000000000018, 3.600000000000002, 3.700000000000002, 3.800000000000002, 3.900000000000002, 4.000000000000002, 4.100000000000001, 4.200000000000001, 4.300000000000001, 4.4, 4.5, 4.6]","[11, 16, 16, 16, 16, 16, 16, 16, 16, 16, 16, 16, 16, 16, 16, 16, 16, 16, 16, 16, 16, 16, 16, 16, 16, 16, 16, 16, 16, 16, 16, 16, 14, 14, 14, 14, 14, 14, 14, 14, 14, 14, 12, 12, 12, 12]","[6.238324625039508, 6.297714055436506, 6.472120076777086, 6.752296662892071, 7.125266230553064, 7.576764632445718, 8.093114578012424, 8.662254106466648, 9.274070639374878, 9.920323464587216, 10.594388850178817, 11.290967049726973, 12.005815077115393, 12.735525466867077, 13.477351022841335, 14.22906841617694, 14.98887234767762, 15.755293054360653, 16.527131504084043, 17.303408044393443, 18.083321385500795, 18.866215615650084, 19.651553533129615, 20.43889499696244, 21.227879298687267, 22.018210777095828, 22.80964706124951, 23.601989451256152, 24.395075042294717, 25.18877027274071, 25.982965637124316, 26.77757135266642, 27.572513806899483, 28.367732645327038, 29.163178383676506, 29.958810450191862, 30.754595580490367, 31.55050650148246, 32.34652085229902, 33.14262029954758, 33.93878981190493, 34.73501706535458, 35.531291955543054, 36.32760619796516, 37.12395300016117, 37.92032679295709, 38.71672301011413]"
Square,3,3,0.5,open,open,finite,18.488231000002997,"[0.0, 0.1, 0.2, 0.30000000000000004, 0.4, 0.5, 0.6, 0.7, 0.7999999999999999, 0.8999999999999999, 0.9999999999999999, 1.0999999999999999, 1.2, 1.3, 1.4000000000000001, 1.5000000000000002, 1.6000000000000003, 1.7000000000000004, 1.8000000000000005, 1.9000000000000006, 2.0000000000000004, 2.1000000000000005, 2.2000000000000006, 2.3000000000000007, 2.400000000000001, 2.500000000000001, 2.600000000000001, 2.700000000000001, 2.800000000000001, 2.9000000000000012, 3.0000000000000013, 3.1000000000000014, 3.2000000000000015, 3.3000000000000016, 3.4000000000000017, 3.5000000000000018, 3.600000000000002, 3.700000000000002, 3.800000000000002, 3.900000000000002, 4.000000000000002, 4.100000000000001, 4.200000000000001, 4.300000000000001, 4.4, 4.5, 4.6, 4.699999999999999, 4.799999999999999, 4.899999999999999, 4.999999999999998, 5.099999999999998]","[11, 16, 16, 16, 16, 16, 16, 16, 16, 16, 16, 16, 16, 16, 16, 16, 16, 16, 16, 16, 16, 16, 16, 16, 16, 16, 16, 16, 16, 16, 16, 16, 14, 14, 14, 14, 14, 14, 14, 14, 14, 14, 12, 12, 12, 12, 12, 12, 12, 12, 12]","[6.238324625039508, 6.297714055436506, 6.472120076777086, 6.752296662892071, 7.125266230553064, 7.576764632445718, 8.093114578012424, 8.662254106466648, 9.274070639374878, 9.920323464587216, 10.594388850178817, 11.290967049726973, 12.005815077115393, 12.735525466867077, 13.477351022841335, 14.22906841617694, 14.98887234767762, 15.755293054360653, 16.527131504084043, 17.303408044393443, 18.083321385500795, 18.866215615650084, 19.651553533129615, 20.43889499696244, 21.227879298687267, 22.018210777095828, 22.80964706124951, 23.601989451256152, 24.395075042294717, 25.18877027274071, 25.982965637124316, 26.77757135266642, 27.572513806899483, 28.367732645327038, 29.163178383676506, 29.958810450191862, 30.754595580490367, 31.55050650148246, 32.34652085229902, 33.14262029954758, 33.93878981190493, 34.73501706535458, 35.531291955543054, 36.32760619796516, 37.12395300016117, 37.92032679295709, 38.71672301011413, 39.51313790766873, 40.309568415814226, 41.10601201746294, 41.90246664868297, 42.698930617069415]"
